%YAML:1.0
---
# PAYLOAD 28, calib done by Jouko:
# f_x=1573.8112151203784, std=2.8105121327328093
# f_y=1577.9906043710046, std=2.733599597862298
# c_x=1024.132794008993, std=4.204085489673466
# c_y=563.718239203479, std=3.220722314001297
# k_1=-0.12330731772150803, std=0.0039241654186915765
# k_2=0.1900817475338112, std=0.017570051446666006
# p_1=0.0016840172712599103, std=0.000421046006154059
# p_2=0.00384393440865842, std=0.0006384191524552438
# k_3=-0.14853947410921323, std=0.02491229475784877
#
# previous calibration done using on aprilgrid and kalibr (need one without k3):
model_type: PINHOLE
camera_name: camera
image_width: 960
image_height: 540
distortion_parameters:
   k1: -0.10381091174304308
   k2: 0.06234361571694061
   p1: 0.00280555268843055
   p2: -0.0011575804154380536
projection_parameters:
   fx: 782.215325118697
   fy: 777.15751271533485
   cx: 498.33643785710705
   cy: 280.9999085826019

