%YAML:1.0
---
# Based on dataset 20220517-calib-cam
# 	intrinsics (f_x, f_y, c_x, c_y): 983.93, 979.54, 661.44, 501.67
#	dist coefs (k_1, k_2, p_1, p_2): -0.40752, 0.15791, -0.0075036, 0.00090663
model_type: PINHOLE
camera_name: camera
image_width: 1280
image_height: 960
distortion_parameters:
   k1: -0.40752
   k2: 0.15791
   p1: -0.0075036
   p2: 0.00090663
projection_parameters:
   fx: 983.93
   fy: 979.54
   cx: 661.44
   cy: 501.67

