%YAML:1.0

#common parameters
#support: 1 imu 1 cam; 1 imu 2 cam: 2 cam; 
imu: 1         
num_of_cam: 1  

imu_topic: "/imu0"
image0_topic: "/cam0/image_raw"
output_path: "~/output/"

cam0_calib: "cam.yaml"
image_width: 1280
image_height: 960


# Extrinsic parameter between IMU and Camera.
estimate_extrinsic: 0   # 0  Have an accurate extrinsic parameters. We will trust the following imu^R_cam, imu^T_cam, don't change it.
                        # 1  Have an initial guess about extrinsic parameters. We will optimize around your initial guess.

body_T_cam0: !!opencv-matrix
   rows: 4
   cols: 4
   dt: d
   data: [-0.7148223746855609, 0.04085454488779055, 0.6981116509947694, -0.06564287746083648,
           0.05691452382233445, 0.9983790427462811, -0.0001497559079257499, -0.05220840872635502,
          -0.6969861606019936, 0.03962564334829835, -0.7159888956975944, -0.1503244075680052,
           0.0, 0.0, 0.0, 1.0]  # transposed from data/hwproto/20220517-calib-imu-cam-45deg/res2 [PASSABLE,]

#   data: [-0.7148223746855609, 0.05691452382233445, -0.6969861606019936, -0.06564287746083648,
#           0.04085454488779055, 0.9983790427462811, 0.03962564334829835, -0.05220840872635502,
#           0.6981116509947694, -0.0001497559079257499, -0.7159888956975944, -0.1503244075680052,
#           0.0, 0.0, 0.0, 1.0]  # from data/hwproto/20220517-calib-imu-cam-45deg/res2  [BAD,]

#   data: [-0.7148223746855609, 0.04085454488779055, 0.6981116509947694, -0.06564287746083648,
#           0.05691452382233445, 0.9983790427462811, -0.0001497559079257499, -0.05220840872635502,
#          -0.6969861606019936, 0.03962564334829835, -0.7159888956975944, -0.1503244075680052,
#           0.0, 0.0, 0.0, 1.0]  # transposed from data/hwproto/20220517-calib-imu-cam-45deg/res2 [PASSABLE,]

#   data: [0.7147511677020778, -0.057506167882283056, -0.6970106221340696, -0.06563913862493512,
#         -0.041153193785053784, -0.9983451499708195, 0.040166834761325584, -0.05249436855470684,
#         -0.6981670153720511, -2.5078845649128406e-05, -0.7159349247391452, -0.15030047175022038,
#          0.0, 0.0, 0.0, 1.0]  # from data/hwproto/20220517-calib-imu-cam-45deg/res3  [BEST]

#   data: [0.7147511677020778, -0.041153193785053784, -0.6981670153720511, -0.06563913862493512,
#         -0.057506167882283056, -0.9983451499708195, -2.5078845649128406e-05, -0.05249436855470684,
#         -0.6970106221340696, 0.040166834761325584, -0.7159349247391452, -0.15030047175022038,
#          0.0, 0.0, 0.0, 1.0]  # transposed from data/hwproto/20220517-calib-imu-cam-45deg/res3  [PASSABLE]

#   data: [0.8769592501329933, 0.007148488281455006, 0.4805115724044574, 0.004344912651448465,
#         -0.011276531567849819, -0.9993079417166357, 0.03544680452447495, -0.018994793310221053,
#          0.48043242181925394, -0.03650390705783357, -0.8762717337262087, 0.013576949217093338,
#          0.0, 0.0, 0.0, 1.0]  # from data/hwproto/20220517-calib-imu-cam-45deg/res4 [BAD,]

#   data: [0.8769592501329933,   -0.011276531567849819, 0.48043242181925394,  0.004344912651448465,
#          0.007148488281455006, -0.9993079417166357,  -0.03650390705783357, -0.018994793310221053,
#          0.4805115724044574,    0.03544680452447495, -0.8762717337262087,   0.013576949217093338,
#          0.0, 0.0, 0.0, 1.0]  # transposed from data/hwproto/20220517-calib-imu-cam-45deg/res4 [BAD,]

#   data: [-0.8263027912895323, 0.018571273926733814, 0.5629198907219126, -0.0653367177148455,
#           0.04520871852690282, 0.9984183024590468, 0.03342250084082647, 0.00761350404117743,
#          -0.5614088237236632, 0.05306599266986334, -0.8258354143203591, -0.021424557598245107,
#           0.0, 0.0, 0.0, 1.0]  # from data/hwproto/20220517-calib-imu-cam-45deg/res5 [BAD]

#Multiple thread support
multiple_thread: 1

#feature tracker parameters
max_cnt: 200            # 150 # max feature number in feature tracking
min_dist: 60            # min distance between two features ## was 30
freq: 0                 # frequence (Hz) of publish tracking result. At least 10Hz for good estimation. If set 0, the frequence will be same as raw image
F_threshold: 2.0        # ransac threshold (pixel) ## was 1.0
show_track: 1           # publish tracking image as topic
flow_back: 1            # perform forward and backward optical flow to improve feature tracking accuracy

#optimization parameters
max_solver_time: 100.0  # max solver iteration time (ms), to guarantee real time
max_num_iterations: 20   # max solver iterations, to guarantee real time
keyframe_parallax: 25.0 # keyframe selection threshold (pixel)  ## was 10.0

#imu parameters       The more accurate parameters you provide, the better performance
acc_n: 5.39456881e-02  # 0.0707744341   accelerometer measurement noise standard deviation.
gyr_n: 3.84374754e-02   # 0.0113228892   gyroscope measurement noise standard deviation.
acc_w: 5.17055993e-04   # 4.817655897019504e-05*sqrt(190) # accelerometer bias random work noise standard deviation.
gyr_w: 9.02432950e-06   # 8.408395763111122e-07*sqrt(190) # gyroscope bias random work noise standard deviation.
g_norm: 9.819   # 9.80655       # gravity magnitude

#unsynchronization parameters
estimate_td: 0                # online estimate time offset between camera and imu
td: 0.20    # initial value of time offset. unit: s. readed image clock + td = real image clock (IMU clock)

#loop closure parameters
load_previous_pose_graph: 0   # load and reuse previous pose graph; load from 'pose_graph_save_path'
pose_graph_save_path: "~/output/pose_graph/"  # save and load path
save_image: 1                 # save image in pose graph for visualization prupose; you can close this function by setting 0
